PC DATA SET:
([[0, 0, 255], [255, 0, 0], [0, 255, 0], [255, 255, 0], [0, 100, 0], [255, 0, 255], [0, 191, 255],
             [255, 140, 0], [255, 231, 186]])

PU DATA SET:([[0, 0, 255], [255, 0, 0], [0, 255, 0], [255, 255, 0], [0, 100, 0], [255, 0, 255], [0, 191, 255],
             [255, 140, 0], [255, 231, 186]])


SA DATA SET:([[255, 105, 180], [255, 0, 255], [255, 140, 0], [0, 0, 255], [25, 25, 112], [100, 149, 237],
                     [0, 191, 255], [0, 255, 0], [128, 0, 128], [0, 139, 0], [128, 128, 0], [255, 215, 0],
                     [139, 69, 0], [144, 238, 144], [128, 0, 0], [255, 255, 255]])
